# global parameter
40

0 dc01 1231 # nodeID hostName listenPort
1 dc02 1232
2 dc03 1233
3 dc04 1234
4 dc05 1235
5 dc06 1236
6 dc07 1237
7 dc08 1238
8 dc09 1239
9 dc10 1240
10 dc11 1231 # nodeID hostName listenPort
11 dc12 1232
12 dc13 1233
13 dc14 1234
14 dc15 1235
15 dc16 1236
16 dc17 1237
17 dc18 1238
18 dc19 1239
19 dc20 1240
20 dc21 1231 # nodeID hostName listenPort
21 dc22 1232
22 dc23 1233
23 dc24 1234
24 dc25 1235
25 dc26 1236
26 dc27 1237
27 dc28 1238
28 dc29 1239
29 dc30 1240
30 dc31 1231 # nodeID hostName listenPort
31 dc32 1232
32 dc33 1233
33 dc34 1234
34 dc35 1235
35 dc36 1236
36 dc37 1237
37 dc38 1238
38 dc39 1239
39 dc40 1240
   
1      #0
0  2   #1
1  3 
2  4 
3  5 
4  6 
5  7 
6  8 
7  9 
8  10
9  11
10 12
11 13
12 14
13 15
14 16
15 17
16 18
17 19
18 20
19 21
20 22
21 23
22 24
23 25
24 26
25 27
26 28
27 29
28 30
29 31
30 32
31 33
32 34
33 35
34 36
35 37
36 38
37 39
38    #39
