# global parameter
40

0 dc01 2231 # nodeID hostName listenPort
1 dc02 2232
2 dc03 2233
3 dc04 2234
4 dc05 2235
5 dc06 2236
6 dc07 2237
7 dc08 2238
8 dc09 2239
9 dc10 2240
10 dc11 2231 # nodeID hostName listenPort
11 dc12 2232
12 dc13 2233
13 dc14 2234
14 dc15 2235
15 dc16 2236
16 dc17 2237
17 dc18 2238
18 dc19 2239
19 dc20 2240
20 dc21 2231 # nodeID hostName listenPort
21 dc22 2232
22 dc23 2233
23 dc24 2234
24 dc25 2235
25 dc26 2236
26 dc27 2237
27 dc28 2238
28 dc29 2239
29 dc30 2240
30 dc31 2231 # nodeID hostName listenPort
31 dc32 2232
32 dc33 2233
33 dc34 2234
34 dc35 2235
35 dc36 2236
36 dc37 2237
37 dc38 2238
38 dc39 2239
39 dc40 2240
   
1      #0
0  2   #1
1  3 
2  4 
3  5 
4  6 
5  7 
6  8 
7  9 
8  10
9  11
10 12
11 13
12 14
13 15
14 16
15 17
16 18
17 19
18 20
19 21
20 22
21 23
22 24
23 25
24 26
25 27
26 28
27 29
28 30
29 31
30 32
31 33
32 34
33 35
34 36
35 37
36 38
37 39
38    #39
